#   MODEL_BOX_NO       MIN_CYN_GPP_FOR_DIA_PP_INHIB       MIN_CYN_GPP_FOE_OPA_PP_INHIB        K_HS_ALLEL_OPA_GROWTH_INHIB        K_HS_ALLEL_DIA_GROWTH_INHIB
               1                                0.5                                0.6                                0.2                                0.3                                  
			   2                                0.5                                0.6                                0.2                                0.3
			   3                                0.5                                0.6                                0.2                                0.3
			   4                                0.5                                0.6                                0.2                                0.3
			   5                                0.5                                0.6                                0.2                                0.3
			   6                                0.5                                0.6                                0.2                                0.3
			   7                                0.5                                0.6                                0.2                                0.3
			   8                                0.5                                0.6                                0.2                                0.3
			   9                                0.5                                0.6                                0.2                                0.3
			  10                                0.5                                0.6                                0.2                                0.3
			  11                                0.5                                0.6                                0.2                                0.3
			  12                                0.5                                0.6                                0.2                                0.3
			  13                                0.5                                0.6                                0.2                                0.3
			  14                                0.5                                0.6                                0.2                                0.3
			  15                                0.5                                0.6                                0.2                                0.3
			  16                                0.5                                0.6                                0.2                                0.3
			  17                                0.5                                0.6                                0.2                                0.3
			  18                                0.5                                0.6                                0.2                                0.3
			  19                                0.5                                0.6                                0.2                                0.3
			  20                                0.5                                0.6                                0.2                                0.3
			  21                                0.5                                0.6                                0.2                                0.3
			  22                                0.5                                0.6                                0.2                                0.3
			  23                                0.5                                0.6                                0.2                                0.3
			  24                                0.5                                0.6                                0.2                                0.3
			  25                                0.5                                0.6                                0.2                                0.3