BATHYMETRY 9
NUM_LAYES
         9
  LAYER_NO     UPPER_ELEVATION     LOWER_ELEVATION          UPPER_AREA          LOWER_AREA        UPPER_LENGTH        LOWER_LENGTH
         1             -2.0000             -2.5000          7363018.54          1077960.18             8000.00             8000.00
         2             -1.5000             -2.0000         21879311.58          7363018.54             8000.00             8000.00
         3             -1.0000             -1.5000         21879311.58         21879311.58             8000.00             8000.00
         4             -0.5000             -1.0000         21879311.58         21879311.58             8000.00             8000.00
         5              0.0000             -0.5000         21879311.58         21879311.58             8000.00             8000.00
         6              0.5000              0.0000         21879311.58         21879311.58             8000.00             8000.00
         7              1.0000              0.5000         21879311.58         21879311.58             8000.00             8000.00
         8              1.5000              1.0000         21879311.58         21879311.58             8000.00             8000.00
         9              2.0000              1.5000         21879311.58         21879311.58             8000.00             8000.00
