BATHYMETRY 5
NUM_LAYES
         7
  LAYER_NO     UPPER_ELEVATION     LOWER_ELEVATION          UPPER_AREA          LOWER_AREA        UPPER_LENGTH        LOWER_LENGTH
         1             -1.0000             -1.5000         28116457.32          5065881.51             8000.00             8000.00
         2             -0.5000             -1.0000         28428956.51         28116457.32             8000.00             8000.00
         3              0.0000             -0.5000         28428956.51         28428956.51             8000.00             8000.00
         4              0.5000              0.0000         28428956.51         28428956.51             8000.00             8000.00
         5              1.0000              0.5000         28428956.51         28428956.51             8000.00             8000.00
         6              1.5000              1.0000         28428956.51         28428956.51             8000.00             8000.00
         7              2.0000              1.5000         28428956.51         28428956.51             8000.00             8000.00
