BATHYMETRY 6
NUM_LAYES
         9
  LAYER_NO     UPPER_ELEVATION     LOWER_ELEVATION          UPPER_AREA          LOWER_AREA        UPPER_LENGTH        LOWER_LENGTH
         1             -2.0000             -2.5000         30116915.02         17105116.70             8000.00             8000.00
         2             -1.5000             -2.0000         63731185.27         30116915.02             8000.00             8000.00
         3             -1.0000             -1.5000         74802776.41         63731185.27             8000.00             8000.00
         4             -0.5000             -1.0000         75387427.77         74802776.41             8000.00             8000.00
         5              0.0000             -0.5000         75387427.77         75387427.77             8000.00             8000.00
         6              0.5000              0.0000         75387427.77         75387427.77             8000.00             8000.00
         7              1.0000              0.5000         75387427.77         75387427.77             8000.00             8000.00
         8              1.5000              1.0000         75387427.77         75387427.77             8000.00             8000.00
         9              2.0000              1.5000         75387427.77         75387427.77             8000.00             8000.00
