# Nemunas river WQ data . Time is in decimal Julian dates since 1997-01-01 02:00:01 EET
# Data size (number of data lines) 
 190
# Number of variables excluding the time column
33 
 # Scale factors
 # Water quality vars
 1 1 1 1 1 1 1 1 1 1 1 1 1 1 1 1 1 1 1 1 1 1 1 1 1 1 1 1 1 1 1 1 1 1 
 # Unit conversion factors
 # Water quality vars
 1 1 1 1 1 1 1 1 1 1 1 1 1 1 1 1 1 1 1 1 1 1 1 1 1 1 1 1 1 1 1 1 1 1 
# Interpolate
 1 
        TIME     NH4_N         NO3_N         PO4_P    DISS_OXYGEN     NITR_BAC_C  AER_HET_BAC_C     DENITR_BAC_C       DIA_C       ZOO_C       ZOO_N       ZOO_P   DET_PART_ORG_C   DET_PART_ORG_N   DET_PART_ORG_P     DISS_ORG_C     DISS_ORG_N     DISS_ORG_P      CYAN_C       OPA_C     DISS_Si     BIOG_Si   FIX_CYN_C    INORG_C    TOT_ALK          FE_II         FE_III          MN_II          MN_IV             CA             MG       S_PLUS_6      S_MINUS_2           CH4C
      1096.0  0.069389      1.896611      0.053859      11.970000       0.000000       0.000000         0.000000    0.055358    0.001000    0.000000    0.000000         0.760978         0.123813         0.003642       6.299594       1.011820       0.026426    0.003954    0.019771    2.453027    0.786373    0.000000    0.00467    0.00451       0.000000       0.000000       0.000000       0.000000       0.000000       0.000000       0.000000       0.000000       0.000000
      1131.0  0.079289      1.718439      0.040516      11.043333       0.000000       0.000000         0.000000    0.141030    0.001000    0.000000    0.000000         0.813117         0.178231         0.004614       7.090016       1.217813       0.030543    0.010074    0.050368    3.184122    1.148467    0.000000    0.00436    0.00426       0.000000       0.000000       0.000000       0.000000       0.000000       0.000000       0.000000       0.000000       0.000000
      1169.0  0.090967      1.625039      0.026408      12.047778       0.000000       0.000000         0.000000    0.185582    0.001667    0.000000    0.000000         0.949594         0.126748         0.011732       6.537126       0.867056       0.038858    0.013946    0.067211    2.679154    0.714956    0.000000    0.00483    0.00482       0.000000       0.000000       0.000000       0.000000       0.000000       0.000000       0.000000       0.000000       0.000000
      1195.0  0.011000      1.811000      0.008000      11.750000       0.000000       0.000000         0.000000    1.586340    0.001000    0.000000    0.000000         0.688614         0.019377         0.005145       4.924700       0.080623       0.050536    0.113310    0.566550    0.000000    0.000000    0.000000    0.00419    0.00416       0.000000       0.000000       0.000000       0.000000       0.000000       0.000000       0.000000       0.000000       0.000000
      1230.0  0.009000      0.160000      0.002000      14.200000       0.000000       0.000000         0.000000    1.586340    0.001000    0.000000    0.000000         2.382085         0.054648         0.006716       17.035741      0.227382       0.065965    0.113310    0.566550    0.000000    0.000000    0.000000    0.00309    0.00317       0.000000       0.000000       0.000000       0.000000       0.000000       0.000000       0.000000       0.000000       0.000000
      1258.0  0.017000      0.406500      0.002000      10.550000       0.000000       0.000000         0.000000    1.595192    0.001000    0.000000    0.000000         2.134501         0.019377         0.017245       15.265114      0.080623       0.169374    0.113942    0.569712    0.307692    0.307692    0.000000    0.00350    0.00369       0.000000       0.000000       0.000000       0.000000       0.000000       0.000000       0.000000       0.000000       0.000000
      1286.0  0.017000      0.163500      0.004500      8.700000        0.000000       0.000000         0.000000    1.604045    0.001000    0.000000    0.000000         2.122120         0.023824         0.019780       15.176571      0.099127       0.194275    0.114575    0.572873    0.615385    0.615385    0.000000    0.00381    0.00377       0.000000       0.000000       0.000000       0.000000       0.000000       0.000000       0.000000       0.000000       0.000000
      1321.0  0.012000      0.452000      0.026500      10.650000       0.000000       0.000000         0.000000    1.615110    0.001000    0.000000    0.000000         1.944941         0.019377         0.017278       13.909456      0.080623       0.169698    0.115365    0.576825    1.000000    1.000000    0.000000    0.00393    0.00392       0.000000       0.000000       0.000000       0.000000       0.000000       0.000000       0.000000       0.000000       0.000000
      1350.0  0.019000      0.330000      0.066500      8.300000        0.000000       0.000000         0.000000    0.880776    0.001000    0.000000    0.000000         0.996799         0.130043         0.006674       7.128719       0.541082       0.065548    0.062913    0.314563    1.517857    1.517857    0.000000    0.00437    0.00435       0.000000       0.000000       0.000000       0.000000       0.000000       0.000000       0.000000       0.000000       0.000000
      1377.0  0.017000      0.992000      0.042000      8.950000        0.000000       0.000000         0.000000    0.197085    0.001000    0.000000    0.000000         0.574318         0.016968         0.005831       4.107298       0.070602       0.057274    0.014078    0.070388    2.000000    2.000000    0.000000    0.00404    0.00406       0.000000       0.000000       0.000000       0.000000       0.000000       0.000000       0.000000       0.000000       0.000000
      1412.0  0.022000      1.665000      0.042000      11.950000       0.000000       0.000000         0.000000    0.302220    0.001000    0.000000    0.000000         0.743351         0.092747         0.007471       5.316158       0.385904       0.073382    0.021588    0.107936    1.689516    1.689516    0.000000    0.00404    0.00406       0.000000       0.000000       0.000000       0.000000       0.000000       0.000000       0.000000       0.000000       0.000000
      1475.0  0.069389      1.896611      0.053859      11.970000       0.000000       0.000000         0.000000    0.055358    0.001000    0.000000    0.000000         0.760978         0.123813         0.003642       6.299594       1.011820       0.026426    0.003954    0.019771    2.453027    0.786373    0.000000    0.00467    0.00451       0.000000       0.000000       0.000000       0.000000       0.000000       0.000000       0.000000       0.000000       0.000000
      1506.0  0.079289      1.718439      0.040516      11.043333       0.000000       0.000000         0.000000    0.141030    0.001000    0.000000    0.000000         0.813117         0.178231         0.004614       7.090016       1.217813       0.030543    0.010074    0.050368    3.184122    1.148467    0.000000    0.00436    0.00426       0.000000       0.000000       0.000000       0.000000       0.000000       0.000000       0.000000       0.000000       0.000000
      1532.0  0.021000      2.543000      0.045000      12.450000       0.000000       0.000000         0.000000    0.662685    0.001000    0.000000    0.000000         0.377036         0.020899         0.006494       2.696417       0.086957       0.063785    0.047335    0.236674    0.625000    0.625000    0.000000    0.00483    0.00482       0.000000       0.000000       0.000000       0.000000       0.000000       0.000000       0.000000       0.000000       0.000000
      1560.0  0.016000      1.525500      0.017000      13.050000       0.000000       0.000000         0.000000    0.746793    0.001000    0.000000    0.000000         0.735707         0.005506         0.005237       5.261485       0.022909       0.051441    0.053343    0.266712    0.376613    0.376613    0.000000    0.00419    0.00416       0.000000       0.000000       0.000000       0.000000       0.000000       0.000000       0.000000       0.000000       0.000000
      1594.0  0.029000      0.296500      0.003500      14.750000       0.000000       0.000000         0.000000    0.848925    0.001000    0.000000    0.000000         2.763065         0.019377         0.013902       19.760354      0.080623       0.136546    0.060638    0.303188    0.075000    0.075000    0.000000    0.00309    0.00317       0.000000       0.000000       0.000000       0.000000       0.000000       0.000000       0.000000       0.000000       0.000000
      1622.0  0.033000      0.521000      0.005000      11.500000       0.000000       0.000000         0.000000    0.836475    0.001000    0.000000    0.000000         3.257866         0.033208         0.017006       23.298984      0.138171       0.167032    0.059749    0.298741    0.339286    0.339286    0.000000    0.00350    0.00369       0.000000       0.000000       0.000000       0.000000       0.000000       0.000000       0.000000       0.000000       0.000000
      1650.0  0.010000      0.396500      0.013000      13.750000       0.000000       0.000000         0.000000    0.824025    0.001000    0.000000    0.000000         2.529606         0.095573         0.015813       18.090747      0.397660       0.155314    0.058859    0.294295    0.603571    0.603571    0.000000    0.00381    0.00377       0.000000       0.000000       0.000000       0.000000       0.000000       0.000000       0.000000       0.000000       0.000000
      1692.0  0.017000      0.161000      0.043500      4.400000        0.000000       0.000000         0.000000    0.805350    0.001000    0.000000    0.000000         2.013466         0.113660         0.020861       14.399517      0.472915       0.204899    0.057525    0.287625    1.000000    1.000000    0.000000    0.00393    0.00392       0.000000       0.000000       0.000000       0.000000       0.000000       0.000000       0.000000       0.000000       0.000000
      1714.0  0.049000      0.387000      0.090000      4.200000        0.000000       0.000000         0.000000    0.497743    0.001000    0.000000    0.000000         1.588141         0.039431         0.012609       11.357759      0.164063       0.123848    0.035553    0.177766    1.448980    1.448980    0.000000    0.00437    0.00435       0.000000       0.000000       0.000000       0.000000       0.000000       0.000000       0.000000       0.000000       0.000000
      1741.0  0.048000      0.490000      0.070500      6.650000        0.000000       0.000000         0.000000    0.120225    0.001000    0.000000    0.000000         0.697308         0.007533         0.003572       4.986875       0.031342       0.035082    0.008588    0.042938    2.000000    2.000000    0.000000    0.00404    0.00406       0.000000       0.000000       0.000000       0.000000       0.000000       0.000000       0.000000       0.000000       0.000000
      1776.0  0.035000      1.096500      0.060000      11.550000       0.000000       0.000000         0.000000    0.338303    0.001000    0.000000    0.000000         0.576179         0.186957         0.002596       4.120606       0.777890       0.025500    0.024165    0.120823    1.693548    1.693548    0.000000    0.00404    0.00406       0.000000       0.000000       0.000000       0.000000       0.000000       0.000000       0.000000       0.000000       0.000000
      1840.0  0.069389      1.896611      0.053859      11.970000       0.000000       0.000000         0.000000    0.055358    0.001000    0.000000    0.000000         0.760978         0.123813         0.003642       6.299594       1.011820       0.026426    0.003954    0.019771    2.453027    0.786373    0.000000    0.00467    0.00451       0.000000       0.000000       0.000000       0.000000       0.000000       0.000000       0.000000       0.000000       0.000000
      1871.0  0.079289      1.718439      0.040516      11.043333       0.000000       0.000000         0.000000    0.141030    0.001000    0.000000    0.000000         0.813117         0.178231         0.004614       7.090016       1.217813       0.030543    0.010074    0.050368    3.184122    1.148467    0.000000    0.00436    0.00426       0.000000       0.000000       0.000000       0.000000       0.000000       0.000000       0.000000       0.000000       0.000000
      1899.0  0.090967      1.625039      0.026408      12.047778       0.000000       0.000000         0.000000    0.185582    0.001667    0.000000    0.000000         0.949594         0.126748         0.011732       6.537126       0.867056       0.038858    0.013946    0.067211    2.679154    0.714956    0.000000    0.00483    0.00482       0.000000       0.000000       0.000000       0.000000       0.000000       0.000000       0.000000       0.000000       0.000000
      1930.0  0.044884      1.740143      0.015298      12.062000       0.000000       0.000000         0.000000    0.600757    0.002480    0.000000    0.000000         1.223417         0.169457         0.014102       8.378915       0.881278       0.050099    0.043289    0.218096    1.388198    0.432640    0.000000    0.00419    0.00416       0.000000       0.000000       0.000000       0.000000       0.000000       0.000000       0.000000       0.000000       0.000000
      1958.0  0.028000      1.013500      0.011500      12.000000       0.000000       0.000000         0.000000    1.472310    0.001000    0.000000    0.000000         1.907911         0.459811         0.008593       13.644628      1.913184       0.084403    0.105165    0.525825    0.100000    0.100000    0.000000    0.00309    0.00317       0.000000       0.000000       0.000000       0.000000       0.000000       0.000000       0.000000       0.000000       0.000000
      1986.0  0.022000      0.112500      0.015000      9.300000        0.000000       0.000000         0.000000    1.372221    0.001000    0.000000    0.000000         2.255973         0.147374         0.013880       16.133831      0.613194       0.136331    0.098016    0.490079    0.376923    0.376923    0.000000    0.00350    0.00369       0.000000       0.000000       0.000000       0.000000       0.000000       0.000000       0.000000       0.000000       0.000000
      2014.0  0.013000      0.086000      0.019000      9.200000        0.000000       0.000000         0.000000    1.272132    0.001000    0.000000    0.000000         2.380591         0.171769         0.014501       17.025054      0.714698       0.142425    0.090867    0.454333    0.653846    0.653846    0.000000    0.00381    0.00377       0.000000       0.000000       0.000000       0.000000       0.000000       0.000000       0.000000       0.000000       0.000000
      2049.0  0.018000      0.075500      0.036500      9.550000        0.000000       0.000000         0.000000    1.147020    0.001000    0.000000    0.000000         1.930713         0.360843         0.013428       13.807705      1.501397       0.131891    0.081930    0.409650    1.000000    1.000000    0.000000    0.00393    0.00392       0.000000       0.000000       0.000000       0.000000       0.000000       0.000000       0.000000       0.000000       0.000000
      2077.0  0.023000      0.118000      0.012000      12.750000       0.000000       0.000000         0.000000    1.165879    0.001000    0.000000    0.000000         2.411560         0.053673         0.014294       17.246530      0.223323       0.140391    0.083277    0.416385    1.222222    1.222222    0.000000    0.00437    0.00435       0.000000       0.000000       0.000000       0.000000       0.000000       0.000000       0.000000       0.000000       0.000000
      2112.0  0.016000      0.318500      0.045000      9.150000        0.000000       0.000000         0.000000    1.189453    0.001000    0.000000    0.000000         0.516513         0.105280         0.004067       3.693900       0.438049       0.039949    0.084961    0.424805    1.500000    1.500000    0.000000    0.00404    0.00406       0.000000       0.000000       0.000000       0.000000       0.000000       0.000000       0.000000       0.000000       0.000000
      2141.0  0.017000      1.012000      0.053500      11.950000       0.000000       0.000000         0.000000    1.208985    0.001000    0.000000    0.000000         0.515144         0.093176         0.002206       3.684107       0.387687       0.021671    0.086356    0.431780    1.292857    1.292857    0.000000    0.00404    0.00406       0.000000       0.000000       0.000000       0.000000       0.000000       0.000000       0.000000       0.000000       0.000000
      2168.0  0.017000      1.363000      0.057000      11.350000       0.000000       0.000000         0.000000    1.227171    0.001000    0.000000    0.000000         0.607951         0.170761         0.005475       4.347826       0.710504       0.053772    0.087655    0.438275    1.100000    1.100000    0.000000    0.00404    0.00406       0.000000       0.000000       0.000000       0.000000       0.000000       0.000000       0.000000       0.000000       0.000000
      2205.0  0.069389      1.896611      0.053859      11.970000       0.000000       0.000000         0.000000    0.055358    0.001000    0.000000    0.000000         0.760978         0.123813         0.003642       6.299594       1.011820       0.026426    0.003954    0.019771    2.453027    0.786373    0.000000    0.00467    0.00451       0.000000       0.000000       0.000000       0.000000       0.000000       0.000000       0.000000       0.000000       0.000000
      2236.0  0.079289      1.718439      0.040516      11.043333       0.000000       0.000000         0.000000    0.141030    0.001000    0.000000    0.000000         0.813117         0.178231         0.004614       7.090016       1.217813       0.030543    0.010074    0.050368    3.184122    1.148467    0.000000    0.00436    0.00426       0.000000       0.000000       0.000000       0.000000       0.000000       0.000000       0.000000       0.000000       0.000000
      2265.0  0.090967      1.625039      0.026408      12.047778       0.000000       0.000000         0.000000    0.185582    0.001667    0.000000    0.000000         0.949594         0.126748         0.011732       6.537126       0.867056       0.038858    0.013946    0.067211    2.679154    0.714956    0.000000    0.00483    0.00482       0.000000       0.000000       0.000000       0.000000       0.000000       0.000000       0.000000       0.000000       0.000000
      2295.0  0.022000      2.164000      0.031500      11.250000       0.000000       0.000000         0.000000    1.312710    0.001000    0.000000    0.000000         0.813638         0.075888         0.006804       5.818819       0.315757       0.066832    0.093765    0.468825    0.192857    0.192857    0.000000    0.00419    0.00416       0.000000       0.000000       0.000000       0.000000       0.000000       0.000000       0.000000       0.000000       0.000000
      2322.0  0.023000      1.261500      0.015000      10.400000       0.000000       0.000000         0.000000    1.680210    0.001000    0.000000    0.000000         1.517010         0.049948         0.007070       10.849059      0.207822       0.069441    0.120015    0.600075    0.000000    0.000000    0.000000    0.00309    0.00317       0.000000       0.000000       0.000000       0.000000       0.000000       0.000000       0.000000       0.000000       0.000000
      2350.0  0.020000      0.007500      0.013500      10.350000       0.000000       0.000000         0.000000    1.119300    0.001000    0.000000    0.000000         2.379544         0.410716         0.009566       17.017568      1.708909       0.093952    0.079950    0.399750    0.153846    0.153846    0.000000    0.00350    0.00369       0.000000       0.000000       0.000000       0.000000       0.000000       0.000000       0.000000       0.000000       0.000000
      2385.0  0.039000      0.012000      0.011500      12.000000       0.000000       0.000000         0.000000    1.956990    0.001000    0.000000    0.000000         1.932736         0.387378         0.011046       13.822167      1.611802       0.108488    0.139785    0.698925    0.346154    0.346154    0.000000    0.00381    0.00377       0.000000       0.000000       0.000000       0.000000       0.000000       0.000000       0.000000       0.000000       0.000000
      2413.0  0.053000      0.013500      0.039000      8.350000        0.000000       0.000000         0.000000    0.829290    0.001000    0.000000    0.000000         1.988267         0.207754         0.012483       14.219306      0.864426       0.122606    0.059235    0.296175    0.500000    0.500000    0.000000    0.00393    0.00392       0.000000       0.000000       0.000000       0.000000       0.000000       0.000000       0.000000       0.000000       0.000000
      2448.0  0.032000      0.019500      0.031000      13.150000       0.000000       0.000000         0.000000    1.629180    0.001000    0.000000    0.000000         1.990996         0.060971         0.012232       14.238821      0.253689       0.120143    0.116370    0.581850    0.500000    0.500000    0.000000    0.00437    0.00435       0.000000       0.000000       0.000000       0.000000       0.000000       0.000000       0.000000       0.000000       0.000000
      2476.0  0.046000      0.622000      0.038000      9.950000        0.000000       0.000000         0.000000    1.537824    0.001000    0.000000    0.000000         0.750817         0.111855         0.018114       5.369545       0.465406       0.177914    0.109845    0.549223    0.500000    0.500000    0.000000    0.00404    0.00406       0.000000       0.000000       0.000000       0.000000       0.000000       0.000000       0.000000       0.000000       0.000000
      2504.0  0.078000      1.572000      0.079000      8.250000        0.000000       0.000000         0.000000    1.446468    0.001000    0.000000    0.000000         0.486736         0.097715         0.004683       3.480946       0.406572       0.045997    0.103319    0.516596    0.503030    0.503030    0.000000    0.00404    0.00406       0.000000       0.000000       0.000000       0.000000       0.000000       0.000000       0.000000       0.000000       0.000000
      2539.0  0.072000      2.972500      0.067000      12.350000       0.000000       0.000000         0.000000    1.332273    0.001000    0.000000    0.000000         0.388899         0.122650         0.001663       2.781255       0.510325       0.016333    0.095162    0.475812    0.506818    0.506818    0.000000    0.00404    0.00406       0.000000       0.000000       0.000000       0.000000       0.000000       0.000000       0.000000       0.000000       0.000000
      2571.0  0.069389      1.896611      0.053859      11.970000       0.000000       0.000000         0.000000    0.055358    0.001000    0.000000    0.000000         0.760978         0.123813         0.003642       6.299594       1.011820       0.026426    0.003954    0.019771    2.453027    0.786373    0.000000    0.00467    0.00451       0.000000       0.000000       0.000000       0.000000       0.000000       0.000000       0.000000       0.000000       0.000000
      2602.0  0.079289      1.718439      0.040516      11.043333       0.000000       0.000000         0.000000    0.141030    0.001000    0.000000    0.000000         0.813117         0.178231         0.004614       7.090016       1.217813       0.030543    0.010074    0.050368    3.184122    1.148467    0.000000    0.00436    0.00426       0.000000       0.000000       0.000000       0.000000       0.000000       0.000000       0.000000       0.000000       0.000000
      2630.0  0.090967      1.625039      0.026408      12.047778       0.000000       0.000000         0.000000    0.185582    0.001667    0.000000    0.000000         0.949594         0.126748         0.011732       6.537126       0.867056       0.038858    0.013946    0.067211    2.679154    0.714956    0.000000    0.00483    0.00482       0.000000       0.000000       0.000000       0.000000       0.000000       0.000000       0.000000       0.000000       0.000000
      2661.0  0.044884      1.740143      0.015298      12.062000       0.000000       0.000000         0.000000    0.600757    0.002480    0.000000    0.000000         1.223417         0.169457         0.014102       8.378915       0.881278       0.050099    0.043289    0.218096    1.388198    0.432640    0.000000    0.00419    0.00416       0.000000       0.000000       0.000000       0.000000       0.000000       0.000000       0.000000       0.000000       0.000000
      2691.0  0.023587      0.670518      0.008033      12.846000       0.000000       0.000000         0.000000    0.947376    0.002480    0.000000    0.000000         1.458634         0.138242         0.016618       12.489602      0.697263       0.058591    0.068048    0.341889    0.450936    0.528183    0.000000    0.00309    0.00317       0.000000       0.000000       0.000000       0.000000       0.000000       0.000000       0.000000       0.000000       0.000000
      2722.0  0.053699      0.153376      0.008709      12.713000       0.000000       0.000000         0.000000    1.485581    0.002320    0.000000    0.000000         1.977403         0.164293         0.022496       15.199986      0.776953       0.085637    0.140821    0.520943    1.609965    0.928892    0.001210    0.00350    0.00369       0.000000       0.000000       0.000000       0.000000       0.000000       0.000000       0.000000       0.000000       0.000000
      2752.0  0.016415      0.110542      0.012881      11.587273       0.000000       0.000000         0.000000    1.426790    0.001727    0.000000    0.000000         1.732570         0.150235         0.023474       12.485109      0.666302       0.097641    0.095981    0.510071    1.757375    0.997207    0.060345    0.00381    0.00377       0.000000       0.000000       0.000000       0.000000       0.000000       0.000000       0.000000       0.000000       0.000000
      2783.0  0.019168      0.118190      0.031665      10.383636       0.000000       0.000000         0.000000    0.902450    0.001445    0.000000    0.000000         1.599362         0.212299         0.019063       11.126463      0.828623       0.104817    0.078802    0.328261    1.492458    1.234813    0.007409    0.00393    0.00392       0.000000       0.000000       0.000000       0.000000       0.000000       0.000000       0.000000       0.000000       0.000000
      2814.0  0.021987      0.301162      0.050597      10.055455       0.000000       0.000000         0.000000    0.837413    0.001100    0.000000    0.000000         1.214675         0.126963         0.015231       9.332446       0.687406       0.070740    0.062650    0.301763    2.037146    1.119106    0.002118    0.00437    0.00435       0.000000       0.000000       0.000000       0.000000       0.000000       0.000000       0.000000       0.000000       0.000000
      2844.0  0.029788      0.693948      0.047812      9.603636        0.000000       0.000000         0.000000    0.456617    0.001100    0.000000    0.000000         0.787126         0.120319         0.007766       5.920823       0.674329       0.049039    0.035450    0.165764    2.241678    1.184062    0.002118    0.00404    0.00406       0.000000       0.000000       0.000000       0.000000       0.000000       0.000000       0.000000       0.000000       0.000000
      2875.0  0.035786      1.560025      0.048582      10.507000       0.000000       0.000000         0.000000    0.348383    0.001000    0.000000    0.000000         1.105445         0.179034         0.009147       5.870862       1.005382       0.042352    0.024885    0.124423    2.300775    1.243626    0.000000    0.00404    0.00406       0.000000       0.000000       0.000000       0.000000       0.000000       0.000000       0.000000       0.000000       0.000000
      2905.0  0.052114      1.714738      0.048415      11.759000       0.000000       0.000000         0.000000    0.168461    0.001000    0.000000    0.000000         1.105445         0.179034         0.009147       5.870862       1.005382       0.042352    0.024885    0.124423    2.300775    1.243626    0.000000    0.00404    0.00406       0.000000       0.000000       0.000000       0.000000       0.000000       0.000000       0.000000       0.000000       0.000000
      2938.0  0.021000      1.617000      0.083000      14.000000       0.000000       0.000000         0.000000    0.030450    0.001000    0.000000    0.000000         0.633040         0.120243         0.000998       4.527254       0.500307       0.009797    0.002175    0.010875    0.550000    0.550000    0.000000    0.00467    0.00451       0.000000       0.000000       0.000000       0.000000       0.000000       0.000000       0.000000       0.000000       0.000000
      2973.0  0.019000      1.713000      0.053000      10.400000       0.000000       0.000000         0.000000    0.052080    0.001000    0.000000    0.000000         0.702085         0.195931         0.002369       5.021037       0.815229       0.023271    0.003720    0.018600    3.000000    3.000000    0.000000    0.00436    0.00426       0.000000       0.000000       0.000000       0.000000       0.000000       0.000000       0.000000       0.000000       0.000000
      3001.0  0.025000      0.561000      0.017000      9.600000        0.000000       0.000000         0.000000    0.050610    0.001000    0.000000    0.000000         0.819790         0.319712         0.002185       5.862814       1.330258       0.021466    0.003615    0.018075    2.100000    2.100000    0.000000    0.00483    0.00482       0.000000       0.000000       0.000000       0.000000       0.000000       0.000000       0.000000       0.000000       0.000000
      3036.0  0.016000      1.715000      0.015000      12.000000       0.000000       0.000000         0.000000    0.362460    0.001000    0.000000    0.000000         0.797929         0.216172         0.005491       5.706475       0.899448       0.053932    0.025890    0.129450    1.300000    1.300000    0.000000    0.00419    0.00416       0.000000       0.000000       0.000000       0.000000       0.000000       0.000000       0.000000       0.000000       0.000000
      3057.0  0.021000      0.357000      0.006000      12.300000       0.000000       0.000000         0.000000    0.875700    0.001000    0.000000    0.000000         1.208839         0.271944         0.005430       8.645143       1.131506       0.053328    0.062550    0.312750    0.050000    0.050000    0.000000    0.00309    0.00317       0.000000       0.000000       0.000000       0.000000       0.000000       0.000000       0.000000       0.000000       0.000000
      3092.0  0.019000      0.052000      0.003000      10.800000       0.000000       0.000000         0.000000    0.882840    0.001000    0.000000    0.000000         2.031554         0.401494         0.006903       14.528878      1.670536       0.067803    0.063060    0.315300    0.200000    0.200000    0.000000    0.00350    0.00369       0.000000       0.000000       0.000000       0.000000       0.000000       0.000000       0.000000       0.000000       0.000000
      3128.0  0.018000      0.144000      0.004000      8.200000        0.000000       0.000000         0.000000    0.938490    0.001000    0.000000    0.000000         1.839489         0.224854         0.011949       13.155307      0.935576       0.117360    0.067035    0.335175    0.200000    0.200000    0.000000    0.00381    0.00377       0.000000       0.000000       0.000000       0.000000       0.000000       0.000000       0.000000       0.000000       0.000000
      3163.0  0.017000      0.036000      0.048000      10.600000       0.000000       0.000000         0.000000    0.237510    0.001000    0.000000    0.000000         1.418219         0.217828         0.010194       10.142549      0.906342       0.100122    0.016965    0.084825    1.750000    1.750000    0.000000    0.00393    0.00392       0.000000       0.000000       0.000000       0.000000       0.000000       0.000000       0.000000       0.000000       0.000000
      3184.0  0.021000      0.569000      0.043000      8.200000        0.000000       0.000000         0.000000    0.636510    0.001000    0.000000    0.000000         1.319688         0.230511         0.006696       9.437892       0.959109       0.065770    0.045465    0.227325    2.000000    2.000000    0.000000    0.00437    0.00435       0.000000       0.000000       0.000000       0.000000       0.000000       0.000000       0.000000       0.000000       0.000000
      3218.0  0.021000      1.009000      0.060000      8.800000        0.000000       0.000000         0.000000    0.138390    0.001000    0.000000    0.000000         0.390269         0.227780         0.002405       2.791051       0.947750       0.023619    0.009885    0.049425    2.250000    2.250000    0.000000    0.00404    0.00406       0.000000       0.000000       0.000000       0.000000       0.000000       0.000000       0.000000       0.000000       0.000000
      3246.0  0.010000      2.120000      0.060000      7.300000        0.000000       0.000000         0.000000    0.091350    0.001000    0.000000    0.000000         0.605250         0.122462         0.001604       4.328514       0.509538       0.015756    0.006525    0.032625    2.150000    2.150000    0.000000    0.00404    0.00406       0.000000       0.000000       0.000000       0.000000       0.000000       0.000000       0.000000       0.000000       0.000000
      3267.0  0.023000      2.217000      0.060000      13.200000       0.000000       0.000000         0.000000    0.106260    0.001000    0.000000    0.000000         0.251399         0.096820         0.000855       1.797905       0.402850       0.008398    0.007590    0.037950    2.100000    2.100000    0.000000    0.00404    0.00406       0.000000       0.000000       0.000000       0.000000       0.000000       0.000000       0.000000       0.000000       0.000000
      3303.0  0.063000      2.722000      0.070000      11.800000       0.000000       0.000000         0.000000    0.067830    0.001000    0.000000    0.000000         0.630420         0.248655         0.001989       4.508514       1.034605       0.019539    0.004845    0.024225    1.600000    1.600000    0.000000    0.00467    0.00451       0.000000       0.000000       0.000000       0.000000       0.000000       0.000000       0.000000       0.000000       0.000000
      3337.0  0.070000      0.705000      0.022000      10.100000       0.000000       0.000000         0.000000    0.365400    0.001000    0.000000    0.000000         1.127009         0.488199         0.002809       8.059927       2.031301       0.027593    0.026100    0.130500    1.800000    1.800000    0.000000    0.00436    0.00426       0.000000       0.000000       0.000000       0.000000       0.000000       0.000000       0.000000       0.000000       0.000000
      3372.0  0.120000      2.318000      0.004000      13.300000       0.000000       0.000000         0.000000    0.406980    0.001000    0.000000    0.000000         0.841849         0.098107         0.005646       6.020574       0.408203       0.055459    0.029070    0.145350    1.050000    1.050000    0.000000    0.00483    0.00482       0.000000       0.000000       0.000000       0.000000       0.000000       0.000000       0.000000       0.000000       0.000000
      3399.0  0.091000      1.068000      0.000000      13.300000       0.000000       0.000000         0.000000    0.989310    0.001000    0.000000    0.000000         1.130314         0.128240         0.005817       8.083561       0.533580       0.057129    0.070665    0.353325    0.000000    0.000000    0.000000    0.00419    0.00416       0.000000       0.000000       0.000000       0.000000       0.000000       0.000000       0.000000       0.000000       0.000000
      3428.0  0.014000      0.973000      0.010000      12.000000       0.000000       0.000000         0.000000    1.797600    0.001000    0.000000    0.000000         1.497020         0.098657         0.005191       10.706103      0.410493       0.050982    0.128400    0.642000    0.275000    0.275000    0.000000    0.00309    0.00317       0.000000       0.000000       0.000000       0.000000       0.000000       0.000000       0.000000       0.000000       0.000000
      3456.0  0.011000      0.111000      0.010000      9.900000        0.000000       0.000000         0.000000    0.832860    0.001000    0.000000    0.000000         1.846894         0.177922         0.008230       13.208262      0.740298       0.080834    0.059490    0.297450    0.270000    0.270000    0.000000    0.00350    0.00369       0.000000       0.000000       0.000000       0.000000       0.000000       0.000000       0.000000       0.000000       0.000000
      3491.0  0.017000      0.355000      0.024000      9.000000        0.000000       0.000000         0.000000    1.432200    0.001000    0.000000    0.000000         1.216869         0.204280         0.009775       8.702572       0.849970       0.096008    0.102300    0.511500    1.550000    1.550000    0.000000    0.00381    0.00377       0.000000       0.000000       0.000000       0.000000       0.000000       0.000000       0.000000       0.000000       0.000000
      3526.0  0.018000      0.307000      0.043000      9.500000        0.000000       0.000000         0.000000    0.174090    0.001000    0.000000    0.000000         1.069859         0.317495         0.008850       7.651209       1.321035       0.086919    0.012435    0.062175    1.800000    1.800000    0.000000    0.00393    0.00392       0.000000       0.000000       0.000000       0.000000       0.000000       0.000000       0.000000       0.000000       0.000000
      3554.0  0.018000      0.647000      0.019000      8.450000        0.000000       0.000000         0.000000    1.537410    0.001000    0.000000    0.000000         0.974290         0.273750         0.006471       6.967738       1.139020       0.063560    0.109815    0.549075    1.650000    1.650000    0.000000    0.00437    0.00435       0.000000       0.000000       0.000000       0.000000       0.000000       0.000000       0.000000       0.000000       0.000000
      3575.0  0.026000      1.212000      0.045000      11.100000       0.000000       0.000000         0.000000    0.235620    0.001000    0.000000    0.000000         0.783300         0.159314         0.003449       5.601855       0.662876       0.033880    0.016830    0.084150    1.450000    1.450000    0.000000    0.00404    0.00406       0.000000       0.000000       0.000000       0.000000       0.000000       0.000000       0.000000       0.000000       0.000000
      3604.0  0.016000      1.409000      0.035000      10.300000       0.000000       0.000000         0.000000    0.037380    0.001000    0.000000    0.000000         0.467911         0.252201         0.003580       3.346317       1.049359       0.035165    0.002670    0.013350    1.650000    1.650000    0.000000    0.00404    0.00406       0.000000       0.000000       0.000000       0.000000       0.000000       0.000000       0.000000       0.000000       0.000000
      3632.0  0.020000      2.214000      0.038000      8.600000        0.000000       0.000000         0.000000    0.066150    0.001000    0.000000    0.000000         0.583497         0.162203         0.002175       4.172938       0.674897       0.021365    0.004725    0.023625    1.750000    1.750000    0.000000    0.00404    0.00406       0.000000       0.000000       0.000000       0.000000       0.000000       0.000000       0.000000       0.000000       0.000000
      3673.0  0.013000      1.713000      0.049000      9.400000        0.000000       0.000000         0.000000    0.057960    0.001000    0.000000    0.000000         0.513509         0.075632         0.002735       3.672417       0.314688       0.026863    0.004140    0.020700    2.300000    2.300000    0.000000    0.00467    0.00451       0.000000       0.000000       0.000000       0.000000       0.000000       0.000000       0.000000       0.000000       0.000000
      3707.0  0.014000      1.912000      0.041000      10.500000       0.000000       0.000000         0.000000    0.138412    0.001000    0.000000    0.000000         0.719554         0.136777         0.005177       5.145966       0.569100       0.050847    0.009887    0.049433    1.850000    1.850000    0.000000    0.00436    0.00426       0.000000       0.000000       0.000000       0.000000       0.000000       0.000000       0.000000       0.000000       0.000000
      3729.0  0.011000      1.910000      0.026000      12.000000       0.000000       0.000000         0.000000    0.190470    0.001000    0.000000    0.000000         0.692384         0.017602         0.003294       4.951658       0.073238       0.032358    0.013605    0.068025    1.350000    1.350000    0.000000    0.00483    0.00482       0.000000       0.000000       0.000000       0.000000       0.000000       0.000000       0.000000       0.000000       0.000000
      3757.0  0.044884      1.740143      0.015298      12.062000       0.000000       0.000000         0.000000    0.600757    0.002480    0.000000    0.000000         1.223417         0.169457         0.014102       8.378915       0.881278       0.050099    0.043289    0.218096    1.388198    0.432640    0.000000    0.00419    0.00416       0.000000       0.000000       0.000000       0.000000       0.000000       0.000000       0.000000       0.000000       0.000000
      3787.0  0.023587      0.670518      0.008033      12.846000       0.000000       0.000000         0.000000    0.947376    0.002480    0.000000    0.000000         1.458634         0.138242         0.016618       12.489602      0.697263       0.058591    0.068048    0.341889    0.450936    0.528183    0.000000    0.00309    0.00317       0.000000       0.000000       0.000000       0.000000       0.000000       0.000000       0.000000       0.000000       0.000000
      3818.0  0.053699      0.153376      0.008709      12.713000       0.000000       0.000000         0.000000    1.485581    0.002320    0.000000    0.000000         1.977403         0.164293         0.022496       15.199986      0.776953       0.085637    0.140821    0.520943    1.609965    0.928892    0.001210    0.00350    0.00369       0.000000       0.000000       0.000000       0.000000       0.000000       0.000000       0.000000       0.000000       0.000000
      3848.0  0.016415      0.110542      0.012881      11.587273       0.000000       0.000000         0.000000    1.426790    0.001727    0.000000    0.000000         1.732570         0.150235         0.023474       12.485109      0.666302       0.097641    0.095981    0.510071    1.757375    0.997207    0.060345    0.00381    0.00377       0.000000       0.000000       0.000000       0.000000       0.000000       0.000000       0.000000       0.000000       0.000000
      3879.0  0.019168      0.118190      0.031665      10.383636       0.000000       0.000000         0.000000    0.902450    0.001445    0.000000    0.000000         1.599362         0.212299         0.019063       11.126463      0.828623       0.104817    0.078802    0.328261    1.492458    1.234813    0.007409    0.00393    0.00392       0.000000       0.000000       0.000000       0.000000       0.000000       0.000000       0.000000       0.000000       0.000000
      3910.0  0.021987      0.301162      0.050597      10.055455       0.000000       0.000000         0.000000    0.837413    0.001100    0.000000    0.000000         1.214675         0.126963         0.015231       9.332446       0.687406       0.070740    0.062650    0.301763    2.037146    1.119106    0.002118    0.00437    0.00435       0.000000       0.000000       0.000000       0.000000       0.000000       0.000000       0.000000       0.000000       0.000000
      3940.0  0.029788      0.693948      0.047812      9.603636        0.000000       0.000000         0.000000    0.456617    0.001100    0.000000    0.000000         0.787126         0.120319         0.007766       5.920823       0.674329       0.049039    0.035450    0.165764    2.241678    1.184062    0.002118    0.00404    0.00406       0.000000       0.000000       0.000000       0.000000       0.000000       0.000000       0.000000       0.000000       0.000000
      3971.0  0.035786      1.560025      0.048582      10.507000       0.000000       0.000000         0.000000    0.348383    0.001000    0.000000    0.000000         1.105445         0.179034         0.009147       5.870862       1.005382       0.042352    0.024885    0.124423    2.300775    1.243626    0.000000    0.00404    0.00406       0.000000       0.000000       0.000000       0.000000       0.000000       0.000000       0.000000       0.000000       0.000000
      4001.0  0.052114      1.714738      0.048415      11.759000       0.000000       0.000000         0.000000    0.168461    0.001000    0.000000    0.000000         1.105445         0.179034         0.009147       5.870862       1.005382       0.042352    0.024885    0.124423    2.300775    1.243626    0.000000    0.00404    0.00406       0.000000       0.000000       0.000000       0.000000       0.000000       0.000000       0.000000       0.000000       0.000000
      4029.0  0.067000      1.609000      0.029000      12.190000       0.000000       0.000000         0.000000    0.152040    0.001000    0.000000    0.000000         0.913930         0.091013         0.006125       6.536070       0.378687       0.060160    0.010860    0.054300    3.422720    0.089413    0.000000    0.00467    0.00451       0.000000       0.000000       0.000000       0.000000       0.000000       0.000000       0.000000       0.000000       0.000000
      4057.0  0.072000      2.315000      0.035000      12.470000       0.000000       0.000000         0.000000    0.157500    0.001000    0.000000    0.000000         0.835418         0.000000         0.002327       5.974582       0.000000       0.022860    0.011250    0.056250    4.427583    0.080267    0.000000    0.00436    0.00426       0.000000       0.000000       0.000000       0.000000       0.000000       0.000000       0.000000       0.000000       0.000000
      4085.0  0.049000      0.258000      0.009000      9.560000        0.000000       0.000000         0.000000    0.136710    0.001000    0.000000    0.000000         0.915157         0.124821         0.004302       6.544843       0.519354       0.042256    0.009765    0.048825    3.909248    0.111813    0.000000    0.00483    0.00482       0.000000       0.000000       0.000000       0.000000       0.000000       0.000000       0.000000       0.000000       0.000000
      4088.0  0.108000      1.967000      0.037000      11.840000       0.000000       0.000000         0.000000    0.031400    0.007000    0.000000    0.000000         0.867271         0.123801         0.004403       6.202379       0.515112       0.043243    0.008450    0.019600    3.843000    0.730000    0.000000    0.00483    0.00482       0.000000       0.000000       0.000000       0.000000       0.000000       0.000000       0.000000       0.000000       0.000000
      4121.0  0.016000      2.109000      0.011000      11.810000       0.000000       0.000000         0.000000    0.348180    0.001000    0.000000    0.000000         1.251287         0.184206         0.003399       8.948713       0.766444       0.033384    0.024870    0.124350    2.561127    0.275707    0.000000    0.00419    0.00416       0.000000       0.000000       0.000000       0.000000       0.000000       0.000000       0.000000       0.000000       0.000000
      4124.0  0.066000      2.177000      0.014000      12.160000       0.000000       0.000000         0.000000    0.159600    0.015800    0.000000    0.000000         2.170956         0.316413         0.007129       15.525824      1.316532       0.070018    0.015180    0.092400    1.768000    1.518000    0.000000    0.00419    0.00416       0.000000       0.000000       0.000000       0.000000       0.000000       0.000000       0.000000       0.000000       0.000000
      4148.0  0.000000      0.217000      0.006000      14.480000       0.000000       0.000000         0.000000    0.024780    0.001000    0.000000    0.000000         1.386230         0.188759         0.004672       9.913770       0.785391       0.045886    0.001770    0.008850    0.585340    1.029373    0.000000    0.00309    0.00317       0.000000       0.000000       0.000000       0.000000       0.000000       0.000000       0.000000       0.000000       0.000000
      4157.0  0.000000      0.002400      0.002000      15.680000       0.000000       0.000000         0.000000    0.904700    0.025500    0.000000    0.000000         1.437280         0.115590         0.083967       10.278860      0.480945       0.824710    0.155340    0.249200    0.080000    1.049000    0.000800    0.00309    0.00317       0.000000       0.000000       0.000000       0.000000       0.000000       0.000000       0.000000       0.000000       0.000000
      4176.0  0.000000      0.001000      0.004000      11.040000       0.000000       0.000000         0.000000    0.866040    0.001000    0.000000    0.000000         1.349427         0.116203         0.005686       9.650573       0.483497       0.055849    0.061860    0.309300    0.757750    1.489227    0.000000    0.00350    0.00369       0.000000       0.000000       0.000000       0.000000       0.000000       0.000000       0.000000       0.000000       0.000000
      4184.0  0.108000      0.053600      0.005000      18.880000       0.000000       0.000000         0.000000    1.504200    0.013200    0.000000    0.000000         1.308530         0.106603         0.000989       9.358090       0.443552       0.009718    0.454520    0.441000    9.685000    2.115000    0.012100    0.00350    0.00369       0.000000       0.000000       0.000000       0.000000       0.000000       0.000000       0.000000       0.000000       0.000000
      4213.0  0.005000      0.001800      0.016000      16.960000       0.000000       0.000000         0.000000    1.027800    0.009000    0.000000    0.000000         1.267081         0.109370         0.004585       9.061669       0.455067       0.045037    0.008150    0.372600    8.429000    1.206000    0.663800    0.00381    0.00377       0.000000       0.000000       0.000000       0.000000       0.000000       0.000000       0.000000       0.000000       0.000000
      4218.0  0.000000      0.009000      0.012000      12.560000       0.000000       0.000000         0.000000    1.537409    0.001000    0.000000    0.000000         1.435300         0.101132         0.006519       10.264700      0.420793       0.064027    0.109815    0.549075    1.733293    1.448580    0.000000    0.00381    0.00377       0.000000       0.000000       0.000000       0.000000       0.000000       0.000000       0.000000       0.000000       0.000000
      4239.0  0.000000      0.000000      0.016000      12.760000       0.000000       0.000000         0.000000    1.299060    0.001000    0.000000    0.000000         1.398497         0.200754         0.012087       10.001503      0.835296       0.118716    0.092790    0.463950    2.479913    0.906453    0.000000    0.00393    0.00392       0.000000       0.000000       0.000000       0.000000       0.000000       0.000000       0.000000       0.000000       0.000000
      4248.0  0.005000      0.003000      0.014100      13.000000       0.000000       0.000000         0.000000    0.589300    0.005900    0.000000    0.000000         1.052179         0.251412         0.008139       7.524771       1.046076       0.079936    0.199850    0.276000    0.194000    2.365000    0.081500    0.00393    0.00392       0.000000       0.000000       0.000000       0.000000       0.000000       0.000000       0.000000       0.000000       0.000000
      4274.0  0.000000      0.017000      0.021000      11.340000       0.000000       0.000000         0.000000    1.535309    0.001000    0.000000    0.000000         1.170321         0.181110         0.007539       8.369679       0.753565       0.074045    0.109665    0.548325    3.451887    0.323027    0.000000    0.00437    0.00435       0.000000       0.000000       0.000000       0.000000       0.000000       0.000000       0.000000       0.000000       0.000000
      4282.0  0.005000      0.002700      0.035300      11.480000       0.000000       0.000000         0.000000    0.385700    0.002100    0.000000    0.000000         0.365662         0.144054         0.007561       2.615068       0.599379       0.074261    0.058730    0.167300    0.262000    2.679000    0.023300    0.00437    0.00435       0.000000       0.000000       0.000000       0.000000       0.000000       0.000000       0.000000       0.000000       0.000000
      4302.0  0.044000      1.211000      0.054000      10.330000       0.000000       0.000000         0.000000    0.052290    0.001000    0.000000    0.000000         1.059914         0.101985         0.004164       7.580086       0.424340       0.040902    0.003735    0.018675    3.674113    0.161420    0.000000    0.00404    0.00406       0.000000       0.000000       0.000000       0.000000       0.000000       0.000000       0.000000       0.000000       0.000000
      4319.0  0.044000      1.135000      0.064000      14.400000       0.000000       0.000000         0.000000    0.025500    0.001000    0.000000    0.000000         0.637908         0.168723         0.005344       4.562072       0.702022       0.052493    0.005880    0.009000    2.599000    0.502000    0.004600    0.00404    0.00406       0.000000       0.000000       0.000000       0.000000       0.000000       0.000000       0.000000       0.000000       0.000000
      4330.0  0.093000      1.610000      0.038000      12.860000       0.000000       0.000000         0.000000    0.228060    0.001000    0.000000    0.000000         1.147013         0.138651         0.001472       8.202987       0.576899       0.014456    0.016290    0.081450    3.450300    1.097367    0.000000    0.00404    0.00406       0.000000       0.000000       0.000000       0.000000       0.000000       0.000000       0.000000       0.000000       0.000000
      4365.0  0.028000      2.612000      0.037000      11.500000       0.000000       0.000000         0.000000    0.066360    0.001000    0.000000    0.000000         1.435300         0.123295         0.004973       10.264700      0.513005       0.048842    0.004740    0.023700    3.538220    0.218400    0.000000    0.00404    0.00406       0.000000       0.000000       0.000000       0.000000       0.000000       0.000000       0.000000       0.000000       0.000000
      4393.0  0.089000      2.216000      0.047000      10.550000       0.000000       0.000000         0.000000    0.009870    0.001000    0.000000    0.000000         1.300357         0.095232         0.001739       9.299643       0.396243       0.017084    0.000705    0.003525    3.422720    0.089413    0.000000    0.00467    0.00451       0.000000       0.000000       0.000000       0.000000       0.000000       0.000000       0.000000       0.000000       0.000000
      4421.0  0.150000      2.212000      0.050000      8.910000        0.000000       0.000000         0.000000    0.094290    0.001000    0.000000    0.000000         1.165414         0.194606         0.003633       8.334586       0.809719       0.035683    0.006735    0.033675    4.427583    0.080267    0.000000    0.00436    0.00426       0.000000       0.000000       0.000000       0.000000       0.000000       0.000000       0.000000       0.000000       0.000000
      4449.0  0.230000      2.212000      0.043000      10.690000       0.000000       0.000000         0.000000    0.026460    0.001000    0.000000    0.000000         1.263554         0.048161         0.003930       9.036446       0.200389       0.038598    0.001890    0.009450    3.909248    0.111813    0.000000    0.00483    0.00482       0.000000       0.000000       0.000000       0.000000       0.000000       0.000000       0.000000       0.000000       0.000000
      4484.0  0.028000      2.417000      0.018000      8.940000        0.000000       0.000000         0.000000    0.146160    0.001000    0.000000    0.000000         1.349427         0.116803         0.004656       9.650573       0.485997       0.045734    0.010440    0.052200    2.561127    0.275707    0.000000    0.00419    0.00416       0.000000       0.000000       0.000000       0.000000       0.000000       0.000000       0.000000       0.000000       0.000000
      4512.0  0.000000      0.488000      0.006000      12.520000       0.000000       0.000000         0.000000    0.211260    0.001000    0.000000    0.000000         1.496637         0.162097         0.006120       10.703363      0.674453       0.060108    0.015090    0.075450    0.585340    1.029373    0.000000    0.00309    0.00317       0.000000       0.000000       0.000000       0.000000       0.000000       0.000000       0.000000       0.000000       0.000000
      4547.0  0.260000      0.099000      0.008000      8.170000        0.000000       0.000000         0.000000    1.660889    0.001000    0.000000    0.000000         1.594777         0.067397         0.005021       11.405223      0.280428       0.049320    0.118635    0.593175    0.757750    1.489227    0.000000    0.00350    0.00369       0.000000       0.000000       0.000000       0.000000       0.000000       0.000000       0.000000       0.000000       0.000000
      4582.0  0.012000      0.007000      0.007000      11.890000       0.000000       0.000000         0.000000    1.334340    0.001000    0.000000    0.000000         1.815593         0.155877         0.012860       12.984407      0.648573       0.126312    0.095310    0.476550    1.733293    1.448580    0.000000    0.00381    0.00377       0.000000       0.000000       0.000000       0.000000       0.000000       0.000000       0.000000       0.000000       0.000000
      4603.0  0.016000      0.326000      0.067000      10.470000       0.000000       0.000000         0.000000    0.295260    0.001000    0.000000    0.000000         1.496637         0.223328         0.008107       10.703363      0.929222       0.079621    0.021090    0.105450    2.479913    0.906453    0.000000    0.00393    0.00392       0.000000       0.000000       0.000000       0.000000       0.000000       0.000000       0.000000       0.000000       0.000000
      4638.0  0.033000      0.689000      0.063000      8.170000        0.000000       0.000000         0.000000    0.161700    0.001000    0.000000    0.000000         1.373962         0.158938         0.004076       9.826038       0.661312       0.040036    0.011550    0.057750    3.451887    0.323027    0.000000    0.00437    0.00435       0.000000       0.000000       0.000000       0.000000       0.000000       0.000000       0.000000       0.000000       0.000000
      4666.0  0.023000      0.705000      0.036000      8.130000        0.000000       0.000000         0.000000    0.074550    0.001000    0.000000    0.000000         1.251287         0.125053         0.003296       8.948713       0.520322       0.032373    0.005325    0.026625    3.674113    0.161420    0.000000    0.00404    0.00406       0.000000       0.000000       0.000000       0.000000       0.000000       0.000000       0.000000       0.000000       0.000000
      4701.0  0.037000      2.213000      0.033000      7.420000        0.000000       0.000000         0.000000    0.011130    0.001000    0.000000    0.000000         1.288089         0.144556         0.005526       9.211911       0.601469       0.054275    0.000795    0.003975    3.450300    1.097367    0.000000    0.00404    0.00406       0.000000       0.000000       0.000000       0.000000       0.000000       0.000000       0.000000       0.000000       0.000000
      4729.0  0.049000      2.215000      0.030000      6.930000        0.000000       0.000000         0.000000    0.014910    0.001000    0.000000    0.000000         1.324892         0.102828         0.001824       9.475108       0.427847       0.017910    0.001065    0.005325    3.538220    0.218400    0.000000    0.00404    0.00406       0.000000       0.000000       0.000000       0.000000       0.000000       0.000000       0.000000       0.000000       0.000000
      4762.0  0.069389      1.896611      0.030000      11.970000       0.000000       0.000000         0.000000    0.055358    0.001000    0.000000    0.000000         0.760978         0.123813         0.006876       6.299594       1.011820       0.062100    0.003954    0.019771    2.453027    0.786373    0.000000    0.00467    0.00451       0.000000       0.000000       0.000000       0.000000       0.000000       0.000000       0.000000       0.000000       0.000000
      4793.0  0.079289      1.718439      0.048000      11.043333       0.000000       0.000000         0.000000    0.141030    0.001000    0.000000    0.000000         0.813117         0.178231         0.006840       7.090016       1.217813       0.036000    0.010074    0.050368    3.184122    1.148467    0.000000    0.00436    0.00426       0.000000       0.000000       0.000000       0.000000       0.000000       0.000000       0.000000       0.000000       0.000000
      4821.0  0.090967      1.625039      0.022000      12.047778       0.000000       0.000000         0.000000    0.185582    0.001667    0.000000    0.000000         0.949594         0.126748         0.006820       6.537126       0.867056       0.039600    0.013946    0.067211    2.679154    0.714956    0.000000    0.00483    0.00482       0.000000       0.000000       0.000000       0.000000       0.000000       0.000000       0.000000       0.000000       0.000000
      4852.0  0.044884      1.740143      0.032000      12.062000       0.000000       0.000000         0.000000    0.600757    0.002480    0.000000    0.000000         1.223417         0.169457         0.006641       8.378915       0.881278       0.055800    0.043289    0.218096    1.388198    0.432640    0.000000    0.00419    0.00416       0.000000       0.000000       0.000000       0.000000       0.000000       0.000000       0.000000       0.000000       0.000000
      4882.0  0.023587      0.670518      0.005000      12.846000       0.000000       0.000000         0.000000    0.947376    0.002480    0.000000    0.000000         1.458634         0.138242         0.006493       12.489602      0.697263       0.045000    0.068048    0.341889    0.450936    0.528183    0.000000    0.00309    0.00317       0.000000       0.000000       0.000000       0.000000       0.000000       0.000000       0.000000       0.000000       0.000000
      4913.0  0.053699      0.153376      0.005000      12.713000       0.000000       0.000000         0.000000    1.485581    0.002320    0.000000    0.000000         1.977403         0.164293         0.006255       15.199986      0.776953       0.051300    0.140821    0.520943    1.609965    0.928892    0.001210    0.00350    0.00369       0.000000       0.000000       0.000000       0.000000       0.000000       0.000000       0.000000       0.000000       0.000000
      4943.0  0.016415      0.110542      0.033000      11.587273       0.000000       0.000000         0.000000    1.426790    0.001727    0.000000    0.000000         1.732570         0.150235         0.006272       12.485109      0.666302       0.052200    0.095981    0.510071    1.757375    0.997207    0.060345    0.00381    0.00377       0.000000       0.000000       0.000000       0.000000       0.000000       0.000000       0.000000       0.000000       0.000000
      4974.0  0.019168      0.118190      0.044000      10.383636       0.000000       0.000000         0.000000    0.902450    0.001445    0.000000    0.000000         1.599362         0.212299         0.006505       11.126463      0.828623       0.086400    0.078802    0.328261    1.492458    1.234813    0.007409    0.00393    0.00392       0.000000       0.000000       0.000000       0.000000       0.000000       0.000000       0.000000       0.000000       0.000000
      5005.0  0.021987      0.301162      0.005000      10.055455       0.000000       0.000000         0.000000    0.837413    0.001100    0.000000    0.000000         1.214675         0.126963         0.006539       9.332446       0.687406       0.076500    0.062650    0.301763    2.037146    1.119106    0.002118    0.00437    0.00435       0.000000       0.000000       0.000000       0.000000       0.000000       0.000000       0.000000       0.000000       0.000000
      5035.0  0.029788      0.693948      0.046000      9.603636        0.000000       0.000000         0.000000    0.456617    0.001100    0.000000    0.000000         0.787126         0.120319         0.006702       5.920823       0.674329       0.027900    0.035450    0.165764    2.241678    1.184062    0.002118    0.00404    0.00406       0.000000       0.000000       0.000000       0.000000       0.000000       0.000000       0.000000       0.000000       0.000000
      5066.0  0.035786      1.560025      0.034000      10.507000       0.000000       0.000000         0.000000    0.348383    0.001000    0.000000    0.000000         1.105445         0.179034         0.006751       5.870862       1.005382       0.018000    0.024885    0.124423    2.300775    1.243626    0.000000    0.00404    0.00406       0.000000       0.000000       0.000000       0.000000       0.000000       0.000000       0.000000       0.000000       0.000000
      5096.0  0.052114      1.714738      0.032000      11.759000       0.000000       0.000000         0.000000    0.168461    0.001000    0.000000    0.000000         1.105445         0.179034         0.006805       5.870862       1.005382       0.034200    0.024885    0.124423    2.300775    1.243626    0.000000    0.00404    0.00406       0.000000       0.000000       0.000000       0.000000       0.000000       0.000000       0.000000       0.000000       0.000000
      5127.0  0.069389      1.896611      0.053859      11.970000       0.000000       0.000000         0.000000    0.055358    0.001000    0.000000    0.000000         0.760978         0.123813         0.003642       6.299594       1.011820       0.026426    0.003954    0.019771    2.453027    0.786373    0.000000    0.00404    0.00406       0.000000       0.000000       0.000000       0.000000       0.000000       0.000000       0.000000       0.000000       0.000000
      5162.0  0.174533      1.600760      0.034203      11.910000       0.000000       0.000000         0.000000    0.034300    0.001000    0.000000    0.000000         5.183333         0.084263         0.013020       7.386667       2.284007       0.027487    0.002450    0.012250    5.255600    0.089413    0.000000    0.00451    0.00467       0.000000       0.000000       0.000000       0.000000       0.000000       0.000000       0.000000       0.000000       0.000000
      5193.0  0.134867      1.933727      0.039370      15.230000       0.000000       0.000000         0.000000    0.073500    0.001000    0.000000    0.000000         1.460667         0.153001         0.013330       7.736667       2.692433       0.013020    0.005250    0.026250    4.162760    0.080267    0.000000    0.00482    0.00231       0.000000       0.000000       0.000000       0.000000       0.000000       0.000000       0.000000       0.000000       0.000000
      5231.0  0.063000      1.492307      0.021183      12.600000       0.000000       0.000000         0.000000    0.264600    0.001000    0.000000    0.000000         1.987667         0.397332         0.035340       10.086667      2.413927       0.032447    0.018900    0.094500    1.959123    0.111813    0.000000    0.00416    0.00397       0.000000       0.000000       0.000000       0.000000       0.000000       0.000000       0.000000       0.000000       0.000000
      5257.0  0.061133      0.265720      0.011780      14.300000       0.000000       0.000000         0.000000    1.159200    0.001000    0.000000    0.000000         0.100000         0.218446         0.051770       10.163333      0.420093       0.020770    0.082800    0.414000    0.058240    0.275707    0.000000    0.00317    0.00382       0.000000       0.000000       0.000000       0.000000       0.000000       0.000000       0.000000       0.000000       0.000000
      5284.0  0.016800      0.000980      0.012400      13.800000       0.000000       0.000000         0.000000    0.951300    0.001000    0.000000    0.000000         0.100000         0.355862         0.061690       8.333333       0.478333       0.013020    0.067950    0.339750    0.030893    1.029373    0.000000    0.00387    0.00363       0.000000       0.000000       0.000000       0.000000       0.000000       0.000000       0.000000       0.000000       0.000000
      5321.0  0.029400      0.019133      0.016120      14.500000       0.000000       0.000000         0.000000    2.301599    0.001000    0.000000    0.000000         0.911000         0.042713         0.065100       9.220000       0.587673       0.012710    0.164401    0.822000    1.766800    1.058493    0.000000    0.00364    0.00389       0.000000       0.000000       0.000000       0.000000       0.000000       0.000000       0.000000       0.000000       0.000000
      5342.0  0.045733      0.242760      0.055180      10.500000       0.000000       0.000000         0.000000    0.599200    0.001000    0.000000    0.000000         1.409667         0.248041         0.020460       8.443333       0.822360       0.004650    0.042800    0.214000    2.306827    0.288213    0.000000    0.00369    0.00387       0.000000       0.000000       0.000000       0.000000       0.000000       0.000000       0.000000       0.000000       0.000000
      5376.0  0.030800      0.206313      0.102920      11.100000       0.000000       0.000000         0.000000    0.536900    0.001000    0.000000    0.000000         0.365333         0.004014         0.062930       6.903333       0.706207       0.004340    0.038350    0.191750    3.552827    0.250040    0.000000    0.00377    0.00413       0.000000       0.000000       0.000000       0.000000       0.000000       0.000000       0.000000       0.000000       0.000000
      5409.0  0.045733      0.828240      0.050220      11.500000       0.000000       0.000000         0.000000    0.105000    0.001000    0.000000    0.000000         2.169000         0.323691         0.014880       11.180000      1.684060       0.010540    0.007500    0.037500    3.992800    0.093240    0.000000    0.00482    0.00459       0.000000       0.000000       0.000000       0.000000       0.000000       0.000000       0.000000       0.000000       0.000000
      5439.0  0.070467      1.260513      0.056937      9.620000        0.000000       0.000000         0.000000    0.056000    0.001000    0.000000    0.000000         4.652333         0.570546         0.033935       10.096667      3.081540       0.098580    0.004000    0.020000    3.642800    0.083067    0.000000    0.00459    0.00458       0.000000       0.000000       0.000000       0.000000       0.000000       0.000000       0.000000       0.000000       0.000000
      5460.0  0.093333      1.489880      0.047327      13.600000       0.000000       0.000000         0.000000    0.038500    0.001000    0.000000    0.000000         0.577333         0.074551         0.005580       9.006667       2.822540       0.025523    0.002750    0.013750    3.896667    0.062347    0.000000    0.00456    0.00462       0.000000       0.000000       0.000000       0.000000       0.000000       0.000000       0.000000       0.000000       0.000000
      5501.0  0.163333      1.502667      0.045157      13.880000       0.000000       0.000000         0.000000    0.014000    0.001000    0.000000    0.000000         0.574611         0.112102         0.008267       9.253667       3.446389       0.025110    0.001000    0.005000    3.422720    0.089413    0.000000    0.00472    0.00484       0.000000       0.000000       0.000000       0.000000       0.000000       0.000000       0.000000       0.000000       0.000000
      5521.0  0.150733      1.453633      0.042098      13.880000       0.000000       0.000000         0.000000    0.038500    0.001000    0.000000    0.000000         0.329220         0.053873         0.011367       10.004000      3.081531       0.023002    0.002750    0.013750    3.599566    0.080267    0.000000    0.00426    0.00436       0.000000       0.000000       0.000000       0.000000       0.000000       0.000000       0.000000       0.000000       0.000000
      5557.0  0.125907      1.179640      0.032095      13.500000       0.000000       0.000000         0.000000    0.038780    0.001000    0.000000    0.000000         0.534240         0.100008         0.021597       9.538667       2.410072       0.025668    0.002770    0.013850    3.655736    0.111813    0.000000    0.00482    0.00483       0.000000       0.000000       0.000000       0.000000       0.000000       0.000000       0.000000       0.000000       0.000000
      5580.0  0.119840      0.922628      0.017298      13.760000       0.000000       0.000000         0.000000    0.091420    0.001000    0.000000    0.000000         1.308635         0.234630         0.062000       9.782333       1.977561       0.039535    0.006530    0.032650    3.163132    0.275707    0.000000    0.00416    0.00419       0.000000       0.000000       0.000000       0.000000       0.000000       0.000000       0.000000       0.000000       0.000000
      5603.0  0.012740      0.509460      0.006045      11.350000       0.000000       0.000000         0.000000    1.130150    0.001000    0.000000    0.000000         0.064500         0.002131         0.058177       11.593333      1.718337       0.012865    0.080725    0.403625    1.112440    1.029373    0.000000    0.00317    0.00309       0.000000       0.000000       0.000000       0.000000       0.000000       0.000000       0.000000       0.000000       0.000000
      5640.0  0.017593      0.150528      0.005466      12.140000       0.000000       0.000000         0.000000    1.884189    0.001000    0.000000    0.000000         0.703967         0.119927         0.075330       12.913333      1.022644       0.013444    0.134586    0.672925    1.484607    1.489227    0.000000    0.00387    0.00370       0.000000       0.000000       0.000000       0.000000       0.000000       0.000000       0.000000       0.000000       0.000000
      5688.0  0.020160      0.022027      0.014570      10.700000       0.000000       0.000000         0.000000    1.465659    0.001000    0.000000    0.000000         1.607886         0.135814         0.086283       9.833000       0.608389       0.012090    0.104690    0.523450    1.699787    1.838667    0.000000    0.00364    0.00344       0.000000       0.000000       0.000000       0.000000       0.000000       0.000000       0.000000       0.000000       0.000000
      5717.0  0.013113      0.002333      0.019530      13.020000       0.000000       0.000000         0.000000    1.296680    0.001000    0.000000    0.000000         1.551576         0.242249         0.073057       9.307333       0.615813       0.007233    0.092620    0.463100    2.653000    1.524693    0.000000    0.00369    0.00350       0.000000       0.000000       0.000000       0.000000       0.000000       0.000000       0.000000       0.000000       0.000000
      5751.0  0.011060      0.327273      0.072850      13.470000       0.000000       0.000000         0.000000    0.244440    0.001000    0.000000    0.000000         0.804670         0.120096         0.026453       8.565333       1.560720       0.006200    0.017460    0.087300    3.350947    0.396013    0.000000    0.00377    0.00381       0.000000       0.000000       0.000000       0.000000       0.000000       0.000000       0.000000       0.000000       0.000000
      5774.0  0.035933      0.242993      0.049910      9.600000        0.000000       0.000000         0.000000    0.986650    0.001000    0.000000    0.000000         0.100000         0.000000         0.018083       8.254667       1.573497       0.013640    0.070475    0.352375    3.355427    0.229600    0.000000    0.00392    0.00393       0.000000       0.000000       0.000000       0.000000       0.000000       0.000000       0.000000       0.000000       0.000000
      5804.0  0.034393      0.640733      0.024387      12.300000       0.000000       0.000000         0.000000    0.053900    0.001000    0.000000    0.000000         0.757383         0.103064         0.028727       8.243000       2.325773       0.041953    0.003850    0.019250    3.257800    2.111667    0.000000    0.00435    0.00437       0.000000       0.000000       0.000000       0.000000       0.000000       0.000000       0.000000       0.000000       0.000000
      5834.0  0.066640      0.823667      0.026247      13.600000       0.000000       0.000000         0.000000    0.040040    0.001000    0.000000    0.000000         0.760978         0.123813         0.022320       6.299594       3.053353       0.034410    0.002860    0.014300    3.179773    0.374453    0.000000    0.00406    0.00404       0.000000       0.000000       0.000000       0.000000       0.000000       0.000000       0.000000       0.000000       0.000000
      5843.0  0.066640      0.823667      0.026247      13.600000       0.000000       0.000000         0.000000    0.040040    0.001000    0.000000    0.000000         0.760978         0.123813         0.022320       6.299594       3.053353       0.034410    0.002860    0.014300    3.179773    0.374453    0.000000    0.00406    0.00404       0.000000       0.000000       0.000000       0.000000       0.000000       0.000000       0.000000       0.000000       0.000000
      5858.0  0.069389      1.896611      0.052024      11.970000       0.000000       0.000000         0.000000    0.055358    0.001000    0.000000    0.000000         0.760978         0.123813         0.003891       6.299594       1.011820       0.029170    0.003954    0.019771    2.453027    0.786373    0.000000   0.004625   0.004501       0.000000       0.000000       0.000000       0.000000       0.000000       0.000000       0.000000       0.000000       0.000000
      5889.0  0.086615      1.709387      0.040606      11.110000       0.000000       0.000000         0.000000    0.132820    0.001000    0.000000    0.000000         1.149287         0.171003         0.005432       7.112835       1.299828       0.030727    0.009487    0.047436    3.343467    1.067001    0.000000   0.004364   0.004300       0.000000       0.000000       0.000000       0.000000       0.000000       0.000000       0.000000       0.000000       0.000000
      5917.0  0.091401      1.643397      0.027150      12.029206       0.000000       0.000000         0.000000    0.181822    0.001667    0.000000    0.000000         0.894280         0.117132         0.008495       6.519721       0.897950       0.037920    0.013677    0.065868    2.714340    0.703249    0.000000   0.004829   0.004642       0.000000       0.000000       0.000000       0.000000       0.000000       0.000000       0.000000       0.000000       0.000000
      5948.0  0.044884      1.740143      0.016491      12.062000       0.000000       0.000000         0.000000    0.600757    0.002480    0.000000    0.000000         1.223417         0.169457         0.013569       8.378915       0.881278       0.050506    0.043289    0.218096    1.388198    0.432640    0.000000   0.004186   0.004148       0.000000       0.000000       0.000000       0.000000       0.000000       0.000000       0.000000       0.000000       0.000000
      5978.0  0.019188      0.539688      0.007206      13.037000       0.000000       0.000000         0.000000    1.038093    0.003067    0.000000    0.000000         1.438320         0.146867         0.020810      12.197321       0.724430       0.113370    0.080711    0.366227    0.305298    0.464098    0.000057   0.003101   0.003210       0.000000       0.000000       0.000000       0.000000       0.000000       0.000000       0.000000       0.000000       0.000000
      6009.0  0.048964      0.141124      0.007556      11.754929       0.000000       0.000000         0.000000    1.283018    0.002154    0.000000    0.000000         1.778232         0.174926         0.019485      14.050939       0.713646       0.077089    0.123873    0.449287    1.370975    0.860463    0.001124   0.003552   0.003686       0.000000       0.000000       0.000000       0.000000       0.000000       0.000000       0.000000       0.000000       0.000000
      6039.0  0.016415      0.110542      0.014318      11.587273       0.000000       0.000000         0.000000    1.426790    0.001727    0.000000    0.000000         1.732570         0.150235         0.022245      12.485109       0.666302       0.094395    0.095981    0.510071    1.757375    0.997207    0.060345   0.003785   0.003755       0.000000       0.000000       0.000000       0.000000       0.000000       0.000000       0.000000       0.000000       0.000000
      6070.0  0.019454      0.140976      0.036831      10.282208       0.000000       0.000000         0.000000    0.828230    0.001445    0.000000    0.000000         1.576579         0.217117         0.017827      10.963531       0.848670       0.100166    0.073501    0.301754    1.545788    1.196089    0.007409   0.003895   0.003887       0.000000       0.000000       0.000000       0.000000       0.000000       0.000000       0.000000       0.000000       0.000000
      6101.0  0.021987      0.301162      0.047340      10.055455       0.000000       0.000000         0.000000    0.837413    0.001100    0.000000    0.000000         1.214675         0.126963         0.014610       9.332446       0.687406       0.071152    0.062650    0.301763    2.037146    1.119106    0.002118   0.004284   0.004296       0.000000       0.000000       0.000000       0.000000       0.000000       0.000000       0.000000       0.000000       0.000000
      6131.0  0.032574      0.774827      0.049732       9.812208       0.000000       0.000000         0.000000    0.430888    0.001021    0.000000    0.000000         0.806572         0.122081         0.007531       6.059895       0.681661       0.045975    0.031675    0.154457    2.408606    1.028562    0.000782   0.004087   0.004089       0.000000       0.000000       0.000000       0.000000       0.000000       0.000000       0.000000       0.000000       0.000000
      6162.0  0.040017      1.482986      0.047153      10.386231       0.000000       0.000000         0.000000    0.370688    0.001000    0.000000    0.000000         1.119671         0.179937         0.008988       5.972600       1.009137       0.040726    0.026478    0.132389    2.283267    1.315330    0.000000   0.004107   0.004124       0.000000       0.000000       0.000000       0.000000       0.000000       0.000000       0.000000       0.000000       0.000000
      6192.0  0.049330      1.822911      0.043138      11.667250       0.000000       0.000000         0.000000    0.286424    0.001000    0.000000    0.000000         0.833964         0.136486         0.007690       6.004848       1.265402       0.031656    0.023672    0.118359    2.474316    0.869646    0.000000   0.004086   0.004103       0.000000       0.000000       0.000000       0.000000       0.000000       0.000000       0.000000       0.000000       0.000000
      6209.0    0.1046        4.2198        0.0415          13.00       0.000000       0.000000         0.000000     0.02947     0.00052    0.000000    0.000000           1.1322           0.1189           0.0161           8.43         0.0903         0.0114      0.0330      0.0237      1.3472      0.4506      0.0001    0.00391    0.00390         0.1355         0.5418         0.0264        0.04059          0.208         0.6475           1.35            0.0            0.0
      6233.0    0.1046        4.2198        0.0415          13.00       0.000000       0.000000         0.000000     0.02947     0.00052    0.000000    0.000000           1.1322           0.1189           0.0161           8.43         0.0903         0.0114      0.0330      0.0237      1.3472      0.4506      0.0001    0.00391    0.00390         0.1355         0.5418         0.0264        0.04059          0.208         0.6475           1.35            0.0            0.0
      6257.0    0.0775        3.2756        0.0349          15.38       0.000000       0.000000         0.000000     0.00921     0.00019    0.000000    0.000000           0.5036           0.0642           0.0101           8.26         0.6130         0.0017      0.0380      0.0469      4.1243      0.1319      0.0152    0.00429    0.00427         0.0885         0.3540         0.0185        0.05147          0.208         0.6475           1.35            0.0            0.0
      6288.0    0.0556        2.2086        0.0142          12.42       0.000000       0.000000         0.000000     0.10592     0.00041    0.000000    0.000000           0.7667           0.0010           0.0125           7.49         0.6873         0.0149      0.0247      0.2336      3.9355      0.2744      0.0077    0.00396    0.00396         0.0612         0.2446         0.0090        0.02487          0.208         0.6475           1.35            0.0            0.0
      6315.0    0.0610        2.0828        0.0199          13.90       0.000000       0.000000         0.000000     0.24743     0.00063    0.000000    0.000000           0.8069           0.0673           0.0135           8.97         0.2862         0.0026      0.0113      0.4203      2.7046      0.5151      0.0001    0.00379    0.00383         0.0642         0.2567         0.0076        0.02526          0.208         0.6475           1.35            0.0            0.0
      6349.0    0.0452        0.2215        0.0052          12.59       0.000000       0.000000         0.000000     2.96082     0.00813    0.000000    0.000000           0.2818           0.0010           0.0286           8.02         0.5553         0.0168      0.1067      0.2296      0.0369      0.8499      0.0001    0.00343    0.00362         0.0889         0.3556         0.0053        0.04162          0.208         0.6475           1.35            0.0            0.0
      6381.0    0.0390        0.0197        0.0065           8.69       0.000000       0.000000         0.000000     0.70738     0.00066    0.000000    0.000000           1.8647           0.0718           0.0257           7.63         0.4299         0.0075      0.0110      1.0131      0.1821      0.9955      0.0050    0.00331    0.00338         0.0266         0.1064         0.0102        0.03257          0.208         0.6475           1.35            0.0            0.0
      6404.0    0.0161        0.2010        0.0289           8.35       0.000000       0.000000         0.000000     0.10709     0.00018    0.000000    0.000000           0.2000           0.0010           0.0156           8.17         0.4962         0.0217      0.0013      1.6155      2.8529      0.4148      0.0001    0.00358    0.00365         0.0244         0.0975         0.0057        0.02027          0.208         0.6475           1.35            0.0            0.0
      6418.0    0.0337        0.4631        0.0942           5.47       0.000000       0.000000         0.000000     0.02911     0.00017    0.000000    0.000000           0.4799           0.1185           0.0038           7.15         0.5692         0.0144      0.0001      0.2038      4.9883      0.0954      0.0001    0.00368    0.00365         0.0098         0.0391         0.0075        0.01444          0.208         0.6475           1.35            0.0            0.0
      6434.0    0.0061        0.0095        0.0782           5.19       0.000000       0.000000         0.000000     0.18812     0.00194    0.000000    0.000000           1.3521           0.0929           0.0240           4.64         0.2465         0.0094      0.0026      0.8560      5.1704      0.4662      0.0201    0.00324    0.00332         0.0102         0.0407         0.0067        0.02451          0.208         0.6475           1.35            0.0            0.0
      6445.0    0.0071        0.0170        0.0639           7.83       0.000000       0.000000         0.000000     0.14417     0.00117    0.000000    0.000000           1.3590           0.0010           0.0393           7.08         0.4957         0.0180      0.0271      2.0861      4.8318      0.6328      0.1945    0.00338    0.00342         0.0156         0.0623         0.0055        0.02594          0.208         0.6475           1.35            0.0            0.0
      6469.0    0.0085        0.0111        0.0109          10.74       0.000000       0.000000         0.000000     1.33273     0.00041    0.000000    0.000000           2.9073           0.0464           0.0561           6.01         0.6094         0.0047      0.7322      0.7420      1.8206      2.2293      0.0380    0.00318    0.00331         0.0152         0.0607         0.0036        0.02690          0.208         0.6475           1.35            0.0            0.0
      6496.0    0.0094        0.4723        0.0690          11.26       0.000000       0.000000         0.000000     0.40942     0.00104    0.000000    0.000000           0.3250           0.0120           0.0083           5.99         0.2425         0.0276      0.1224      0.1005      5.8286      0.3896      0.0001    0.00372    0.00381         0.0010         0.0010         0.0010        0.00100          0.208         0.6475           1.35            0.0            0.0
      6529.0    0.0466        0.6098        0.0745          10.20       0.000000       0.000000         0.000000     0.07090     0.00003    0.000000    0.000000           0.5337           0.0809           0.0124           6.44         0.3152         0.0001      0.0124      0.0251      3.5197      0.2376      0.0001    0.00376    0.00376         0.0010         0.0010         0.0010        0.00100          0.208         0.6475           1.35            0.0            0.0
      6575.0    0.0466        0.6098        0.0415          10.20       0.000000       0.000000         0.000000     0.02947     0.00003    0.000000    0.000000           0.5337           0.0809         0.007690           6.44         0.3152         0.0001      0.0124      0.0251      3.5197      0.2376      0.0001    0.00376    0.00376         0.0010         0.0010         0.0010        0.00100          0.208         0.6475           1.35            0.0            0.0